0 220 480 100 0 0 0.55 0.5 0.5 100 0.72 0.35 0.75;
1 90 260 110 -12 0.25 0.8 0.9 0.75 92 0.82 0.55 0.9;
2 180 740 90 7 0.3 0.45 0.65 0.6 105 0.68 0.65 0.8;
3 520 960 72 -5 0.2 0.6 0.45 0.4 82 0.88 0.78 0.85;
0 320 600 120 0 0 0.7 0.4 0.5 110 0.6 0.4 0.7;
1 60 180 128 12 0.4 0.9 0.95 0.8 100 0.85 0.5 0.85;
2 240 880 96 -12 0.35 0.5 0.7 0.65 96 0.7 0.7 0.8;
3 700 1200 80 5 0.25 0.65 0.5 0.45 88 0.9 0.85 0.9;
0 150 360 100 -7 0.15 0.6 0.55 0.5 105 0.65 0.5 0.75;
1 120 300 140 24 0.3 0.85 0.85 0.7 94 0.8 0.45 0.8;
2 300 1000 84 7 0.4 0.4 0.6 0.6 108 0.72 0.6 0.82;
3 600 1400 66 -24 0.3 0.7 0.4 0.4 80 0.92 0.9 0.88;
0 420 520 110 3 0.2 0.65 0.45 0.55 112 0.55 0.35 0.7;
1 80 220 150 -5 0.5 0.95 0.9 0.85 90 0.84 0.55 0.9;
2 200 800 88 12 0.45 0.55 0.7 0.6 102 0.68 0.65 0.78;
3 520 1100 76 0 0.25 0.6 0.5 0.45 84 0.88 0.8 0.86;
